Accuracy: 0.9106579266812334
Precision: 0.6523736600306279
Recall: 0.4556149732620321
